RTS 95 Test Cycle

DieselNet.com, 2016.07.18
https://dieselnet.com/standards/cycles/rts95.php

Note: RTC 95 is not a standardized testing procedure,
      different versions of the test may exist.

Time	Speed
s	km/h

1	0.00
2	0.00
3	0.00
4	0.00
5	0.00
6	1.20
7	6.35
8	14.09
9	21.16
10	25.54
11	27.90
12	30.21
13	32.96
14	35.15
15	36.13
16	36.41
17	36.82
18	37.19
19	36.74
20	34.15
21	29.32
22	23.44
23	18.40
24	16.07
25	16.57
26	19.88
27	25.43
28	32.25
29	38.74
30	42.86
31	43.63
32	41.97
33	38.14
34	32.58
35	25.57
36	18.18
37	11.73
38	6.79
39	3.36
40	1.26
41	0.00
42	0.00
43	0.00
44	0.00
45	0.00
46	2.46
47	7.03
48	12.45
49	16.10
50	17.29
51	17.27
52	16.57
53	14.96
54	12.42
55	8.85
56	5.72
57	4.63
58	5.56
59	9.00
60	14.72
61	21.31
62	27.97
63	33.99
64	38.94
65	43.26
66	47.30
67	50.79
68	53.31
69	54.64
70	55.17
71	55.53
72	55.86
73	55.43
74	53.09
75	48.83
76	43.85
77	38.47
78	31.82
79	24.25
80	17.53
81	12.56
82	8.63
83	4.84
84	1.71
85	0.00
86	0.00
87	0.00
88	0.00
89	0.00
90	1.14
91	5.98
92	13.86
93	20.73
94	24.48
95	27.25
96	31.27
97	36.05
98	39.88
99	42.16
100	43.41
101	44.03
102	44.08
103	42.60
104	38.21
105	31.73
106	24.52
107	16.71
108	9.19
109	3.65
110	0.00
111	0.00
112	0.00
113	0.00
114	0.00
115	1.01
116	3.02
117	5.59
118	7.50
119	8.11
120	8.11
121	9.25
122	13.32
123	20.35
124	28.00
125	34.75
126	41.17
127	46.85
128	50.06
129	50.79
130	50.17
131	48.49
132	46.21
133	43.77
134	41.41
135	39.61
136	38.59
137	38.24
138	38.43
139	38.35
140	36.04
141	29.78
142	20.63
143	12.01
144	5.69
145	1.96
146	0.00
147	0.00
148	0.00
149	0.00
150	0.00
151	2.82
152	8.05
153	15.63
154	24.64
155	32.73
156	37.97
157	40.61
158	41.66
159	42.15
160	43.01
161	44.68
162	46.44
163	47.19
164	46.98
165	45.45
166	41.13
167	34.99
168	30.83
169	29.77
170	31.28
171	35.91
172	40.61
173	42.20
174	39.83
175	32.36
176	23.41
177	18.43
178	17.31
179	18.36
180	22.27
181	28.17
182	32.55
183	33.99
184	33.97
185	33.13
186	31.22
187	28.78
188	26.33
189	24.25
190	22.98
191	22.09
192	20.40
193	17.34
194	13.77
195	10.58
196	7.49
197	4.39
198	2.14
199	1.06
200	0.00
201	0.00
202	0.00
203	0.00
204	0.00
205	1.50
206	4.84
207	9.34
208	13.43
209	16.82
210	20.37
211	25.37
212	32.99
213	41.86
214	47.93
215	49.68
216	49.29
217	47.70
218	45.07
219	42.08
220	38.33
221	33.90
222	30.48
223	29.07
224	29.00
225	29.43
226	29.85
227	29.93
228	29.47
229	28.18
230	25.35
231	19.54
232	11.12
233	3.86
234	0.00
235	0.00
236	0.00
237	0.00
238	0.00
239	4.52
240	11.66
241	18.81
242	23.45
243	25.54
244	25.73
245	25.09
246	24.71
247	25.50
248	28.40
249	33.34
250	39.00
251	43.88
252	46.79
253	47.60
254	47.43
255	46.14
256	43.03
257	38.85
258	34.01
259	28.34
260	21.64
261	13.77
262	6.23
263	1.40
264	0.00
265	0.00
266	0.00
267	0.00
268	0.00
269	2.15
270	6.64
271	13.39
272	21.14
273	28.21
274	34.10
275	39.16
276	42.75
277	44.44
278	45.21
279	46.02
280	46.74
281	47.01
282	46.87
283	46.21
284	44.85
285	42.62
286	38.96
287	33.25
288	26.31
289	20.27
290	15.93
291	12.56
292	9.64
293	6.96
294	4.26
295	1.84
296	0.00
297	0.00
298	0.00
299	0.00
300	0.00
301	3.13
302	5.63
303	8.75
304	13.75
305	20.63
306	27.50
307	31.88
308	41.88
309	50.00
310	53.75
311	54.38
312	57.50
313	58.13
314	56.25
315	56.88
316	58.75
317	63.13
318	70.63
319	76.88
320	78.75
321	77.50
322	76.25
323	75.63
324	75.00
325	75.00
326	76.88
327	81.25
328	83.75
329	81.88
330	75.63
331	68.13
332	64.38
333	61.25
334	58.13
335	56.25
336	56.88
337	61.25
338	65.63
339	68.75
340	70.00
341	71.88
342	73.13
343	72.50
344	71.25
345	70.00
346	68.75
347	65.63
348	63.75
349	63.13
350	55.00
351	45.63
352	39.38
353	35.00
354	30.00
355	27.50
356	26.88
357	23.13
358	20.00
359	15.63
360	15.00
361	15.00
362	15.00
363	16.25
364	16.88
365	19.38
366	21.88
367	23.13
368	25.00
369	24.38
370	21.25
371	18.13
372	16.88
373	13.13
374	6.88
375	1.25
376	0.00
377	0.00
378	0.00
379	0.00
380	0.00
381	8.48
382	18.84
383	21.83
384	26.54
385	33.14
386	39.23
387	40.63
388	44.02
389	48.36
390	52.12
391	55.34
392	56.03
393	55.44
394	56.65
395	59.78
396	63.47
397	65.82
398	67.69
399	68.82
400	69.48
401	69.83
402	69.91
403	69.96
404	69.17
405	68.36
406	67.80
407	66.63
408	64.36
409	61.27
410	56.50
411	51.63
412	47.45
413	43.99
414	40.40
415	35.18
416	30.03
417	23.60
418	17.23
419	10.52
420	4.89
421	0.00
422	0.00
423	0.00
424	0.00
425	0.00
426	1.90
427	3.86
428	5.28
429	5.71
430	5.70
431	5.49
432	5.00
433	4.39
434	3.94
435	3.78
436	3.80
437	3.88
438	3.96
439	4.44
440	6.88
441	12.48
442	19.78
443	26.59
444	32.71
445	37.23
446	38.73
447	37.59
448	32.64
449	26.16
450	23.49
451	23.67
452	26.64
453	32.06
454	34.68
455	32.43
456	24.91
457	15.20
458	9.30
459	7.86
460	9.47
461	14.89
462	23.19
463	31.86
464	39.00
465	43.47
466	45.33
467	45.72
468	45.42
469	43.74
470	39.49
471	32.20
472	22.44
473	13.23
474	8.24
475	7.16
476	8.37
477	11.81
478	16.58
479	22.30
480	29.20
481	35.55
482	39.07
483	39.81
484	39.03
485	37.83
486	37.28
487	38.38
488	41.71
489	45.09
490	46.23
491	44.54
492	39.91
493	34.95
494	31.26
495	28.54
496	27.34
497	27.53
498	29.99
499	35.70
500	42.66
501	48.91
502	54.02
503	57.94
504	60.87
505	62.98
506	64.47
507	66.00
508	68.64
509	72.94
510	78.02
511	82.57
512	86.24
513	89.33
514	92.07
515	94.56
516	96.75
517	98.52
518	99.58
519	99.93
520	99.96
521	99.61
522	98.33
523	96.21
524	93.84
525	91.05
526	87.21
527	82.87
528	79.69
529	78.27
530	77.86
531	77.75
532	77.71
533	77.89
534	78.55
535	79.72
536	81.32
537	83.22
538	85.26
539	87.46
540	89.72
541	91.35
542	91.86
543	91.82
544	91.22
545	89.85
546	88.55
547	87.73
548	86.85
549	85.12
550	81.77
551	76.28
552	69.56
553	63.64
554	59.64
555	57.69
556	57.35
557	57.60
558	57.93
559	58.25
560	58.38
561	58.28
562	57.75
563	57.01
564	56.69
565	57.21
566	58.35
567	59.04
568	59.10
569	58.62
570	57.19
571	54.87
572	51.69
573	48.02
574	44.57
575	41.34
576	37.46
577	32.41
578	26.20
579	19.14
580	12.34
581	7.01
582	3.23
583	0.00
584	0.00
585	0.00
586	0.00
587	0.00
588	5.00
589	13.20
590	22.17
591	28.81
592	32.49
593	33.78
594	33.96
595	32.77
596	28.36
597	21.25
598	14.64
599	11.13
600	10.31
601	12.48
602	19.37
603	28.76
604	36.95
605	42.51
606	45.41
607	46.70
608	47.47
609	47.93
610	48.06
611	47.78
612	46.75
613	45.41
614	44.75
615	44.69
616	44.97
617	45.51
618	45.93
619	46.18
620	46.71
621	47.98
622	49.73
623	51.10
624	51.89
625	53.12
626	56.06
627	60.55
628	65.31
629	69.27
630	71.61
631	72.17
632	72.07
633	72.16
634	72.32
635	72.39
636	72.18
637	71.34
638	70.30
639	69.57
640	68.95
641	68.00
642	66.47
643	65.06
644	64.57
645	64.91
646	66.31
647	68.83
648	71.37
649	72.76
650	68.93
651	60.93
652	54.27
653	45.93
654	40.37
655	36.42
656	32.24
657	28.14
658	28.87
659	30.62
660	32.97
661	35.12
662	36.99
663	39.17
664	42.20
665	45.87
666	49.51
667	52.85
668	56.14
669	59.35
670	62.35
671	65.69
672	69.79
673	73.85
674	76.92
675	79.02
676	80.33
677	80.97
678	81.44
679	82.26
680	83.44
681	84.99
682	87.33
683	90.91
684	95.59
685	100.87
686	106.26
687	111.28
688	114.81
689	116.18
690	116.30
691	115.40
692	113.00
693	110.03
694	107.21
695	104.72
696	103.25
697	102.88
698	103.07
699	103.52
700	104.08
701	104.50
702	104.64
703	104.53
704	104.02
705	103.14
706	102.41
707	102.00
708	101.67
709	101.16
710	100.33
711	99.26
712	98.25
713	97.63
714	97.44
715	97.69
716	98.69
717	100.00
718	100.63
719	100.60
720	100.31
721	100.04
722	100.30
723	101.87
724	104.93
725	108.00
726	109.58
727	109.77
728	109.42
729	109.11
730	109.01
731	109.17
732	109.99
733	112.10
734	115.34
735	118.37
736	120.20
737	121.01
738	121.42
739	121.69
740	121.78
741	121.63
742	121.29
743	121.05
744	121.04
745	121.57
746	123.40
747	126.26
748	128.41
749	129.04
750	128.64
751	127.63
752	126.71
753	126.29
754	126.03
755	125.69
756	125.34
757	125.20
758	125.81
759	128.04
760	130.67
761	131.69
762	131.48
763	131.08
764	130.87
765	131.66
766	133.33
767	134.34
768	134.45
769	133.50
770	130.84
771	127.80
772	125.46
773	123.89
774	123.14
775	122.98
776	123.58
777	124.82
778	125.51
779	125.47
780	124.71
781	122.80
782	120.60
783	119.28
784	118.92
785	119.06
786	119.92
787	121.70
788	123.21
789	123.67
790	123.49
791	122.66
792	121.09
793	119.14
794	117.07
795	115.12
796	113.67
797	112.85
798	112.48
799	112.38
800	112.44
801	113.13
802	114.31
803	114.89
804	114.54
805	112.91
806	109.98
807	107.46
808	106.54
809	106.55
810	107.23
811	108.50
812	109.37
813	109.48
814	109.32
815	109.35
816	109.86
817	110.80
818	111.80
819	112.92
820	114.46
821	115.81
822	116.32
823	116.32
824	116.11
825	115.62
826	114.99
827	114.62
828	114.59
829	114.67
830	114.71
831	114.69
832	114.54
833	114.29
834	114.41
835	115.53
836	117.62
837	119.72
838	121.40
839	123.07
840	125.14
841	127.70
842	129.96
843	131.01
844	131.11
845	130.81
846	130.34
847	129.90
848	129.24
849	127.87
850	125.76
851	123.34
852	121.17
853	119.31
854	117.26
855	114.50
856	111.13
857	107.84
858	104.98
859	102.47
860	100.18
861	97.88
862	95.18
863	91.69
864	87.39
865	82.35
866	76.64
867	70.62
868	64.68
869	58.87
870	53.11
871	47.16
872	40.86
873	34.68
874	29.30
875	24.76
876	20.38
877	15.96
878	12.13
879	8.90
880	5.74
881	2.79
882	0.00
883	0.00
884	0.00
885	0.00
886	0.00
