Artemis Urban Cycle
Update 17/11/2000

DieselNet.com, 2018.02
https://dieselnet.com/standards/cycles/artemis.php

Time	Speed
s	km/h

1	0	---> Start of the "Engine Start" Phase
2	0
3	0
4	0
5	0
6	0
7	0
8	0
9	0
10	0
11	0
12	0
13	0
14	0
15	0
16	0
17	0
18	0
19	0
20	0
21	0.7
22	2.1
23	9.2
24	15.6
25	19.8
26	19.8
27	22.7
28	25.5
29	29.8
30	34
31	36.9
32	38.3
33	40.4
34	43.2
35	46.1
36	46.1
37	46.1
38	44.6
39	46.1
40	48.2
41	48.9
42	48.2
43	46.8
44	44.6
45	42.5
46	41.8
47	41.1
48	39.7
49	36.1
50	34.7
51	34.7
52	36.9
53	36.1
54	36.1
55	34.7
56	32.6
57	29.1
58	24.1
59	20.6
60	15.6
61	11.3
62	9.2
63	9.2
64	9.2
65	9.9
66	10.6
67	12
68	11.3
69	7.8
70	1.4
71	0
72	0
73	0	---> Start of the Useful Part of the Urban Cycle. Sub-Cycle: Urban 1
74	0
75	0
76	0
77	0
78	0
79	0
80	0
81	0
82	0
83	0
84	0
85	0
86	0
87	0
88	0
89	0
90	0
91	0
92	0
93	0.7
94	2.1
95	9.2
96	15.6
97	19.8
98	19.8
99	22.7
100	25.5
101	29.8
102	34
103	36.9
104	38.3
105	40.4
106	43.2
107	46.1
108	46.1
109	46.1
110	44.6
111	46.1
112	48.2
113	48.9
114	48.2
115	46.8
116	44.6
117	42.5
118	41.8
119	41.1
120	39.7
121	36.1
122	34.7
123	34.7
124	36.9
125	36.1
126	36.1
127	34.7
128	32.6
129	29.1
130	24.1
131	20.6
132	15.6
133	11.3
134	9.2
135	9.2
136	9.2
137	9.9
138	10.6
139	12
140	11.3
141	7.8
142	1.4
143	0
144	0
145	0
146	0
147	0
148	0
149	0
150	0
151	0
152	0
153	0.7
154	1.5
155	4.4
156	5.9
157	7.3
158	9.5
159	8.1
160	3.7
161	2.9
162	4.4
163	0.7
164	0
165	0
166	2.2
167	2.2
168	2.9
169	7.3
170	5.9
171	7.3
172	8.8
173	11
174	15.4
175	13.9
176	11.7
177	11
178	5.1
179	0
180	0
181	0
182	0
183	0
184	0
185	0
186	0
187	0
188	0
189	0
190	0
191	0
192	0
193	0
194	0
195	0
196	0
197	0
198	0
199	0
200	0
201	0
202	0
203	0
204	0
205	0
206	0
207	0
208	0.7
209	11
210	13.2
211	13.9
212	14.7
213	15.4
214	16.9
215	16.1
216	15.4
217	13.9
218	13.2
219	13.2
220	15.4
221	16.9
222	16.1
223	14.7
224	13.2
225	13.9
226	14.7
227	18.3
228	22
229	30.1
230	32.3
231	32.3
232	38.1
233	38.1
234	38.1
235	38.1
236	38.9
237	39.6
238	40.3
239	40.3
240	41.1
241	43.3
242	44.7
243	45.5
244	44
245	44
246	43.3
247	41.8
248	38.9
249	34.5
250	33
251	33.7
252	36.7
253	37.4
254	40.3
255	41.1
256	41.1
257	38.9
258	37.4
259	35.9
260	34.5
261	32.3
262	30.8
263	27.9
264	26.4
265	24.2
266	23.5
267	22.7
268	21.3
269	19.1
270	16.9
271	11
272	6.6
273	5.1
274	4.4
275	2.2
276	0
277	0
278	0
279	2.2
280	5.1
281	13.9
282	22.7
283	27.1
284	27.1
285	22.7
286	18.3
287	11.7
288	8.8
289	6.6
290	3.7
291	2.9
292	4.4
293	11
294	11.7
295	11.7
296	11
297	8.8
298	6.6
299	7.3
300	5.9
301	4.4
302	2.2
303	0.7
304	0
305	0
306	0
307	0
308	0
309	0	----> Sub-Cycle: Urban 2
310	0
311	2
312	6.9
313	10.8
314	12.3
315	14.3
316	19.7
317	21.2
318	23.7
319	28.1
320	31
321	31.5
322	33
323	34
324	31
325	24.1
326	15.8
327	10.8
328	6.4
329	2.5
330	1.5
331	0
332	0
333	0.5
334	6.4
335	13.8
336	19.2
337	19.2
338	21.2
339	22.7
340	25.1
341	28.6
342	33.5
343	37
344	37.9
345	40.9
346	44.4
347	47.3
348	50.8
349	52.2
350	51.3
351	48.8
352	48.8
353	50.8
354	50.8
355	47.3
356	40.4
357	29.1
358	23.7
359	25.1
360	27.1
361	29.1
362	33.5
363	36.5
364	38.9
365	41.9
366	44.8
367	47.8
368	50.8
369	53.2
370	54.7
371	54.2
372	54.7
373	55.2
374	56.7
375	57.2
376	57.2
377	57.7
378	57.2
379	57.2
380	56.7
381	56.7
382	56.2
383	54.7
384	54.7
385	52.2
386	48.8
387	43.9
388	43.4
389	44.4
390	43.4
391	38.4
392	34.5
393	33.5
394	34
395	37.5
396	41.9
397	45.8
398	49.3
399	48.3
400	46.3
401	43.4
402	38.9
403	33.5
404	32
405	33
406	34
407	34
408	33.5
409	33
410	33
411	33
412	33.5
413	35
414	35.5
415	36
416	37
417	37
418	37.5
419	37.5
420	38.4
421	38.9
422	38.4
423	38.4
424	40.4
425	42.4
426	42.9
427	42.4
428	41.4
429	38.9
430	30.6
431	19.7
432	13.8
433	12.3
434	10.8
435	4.4
436	0.5
437	0
438	0
439	0
440	0
441	0
442	0
443	0
444	0.7
445	3.6
446	5.8
447	8.7
448	15.9
449	21
450	26.7
451	32.5
452	34.7
453	36.9
454	39
455	41.2
456	43.4
457	45.5
458	47
459	48.4
460	48.4
461	48.4
462	47.7
463	47.7
464	47
465	47.7
466	48.4
467	49.2
468	49.2
469	49.2
470	49.2
471	44.1
472	36.1
473	34
474	31.1
475	30.4
476	31.8
477	32.5
478	33.3
479	31.8
480	31.1
481	28.9
482	18.1
483	15.9
484	18.1
485	23.1
486	27.5
487	33.3
488	36.9
489	41.2
490	44.1
491	46.3
492	46.3
493	46.3
494	44.1
495	41.2
496	35.4
497	26.7
498	15.9
499	6.5
500	3.6
501	0.7
502	0
503	0
504	0
505	0
506	0
507	0	----> Sub-Cycle: Urban 3
508	0
509	0
510	0
511	0
512	0
513	0
514	0
515	0
516	0
517	0
518	0
519	0
520	0
521	0
522	0
523	0
524	0
525	0
526	0
527	0
528	0
529	0
530	0
531	2
532	8.5
533	13.4
534	14.9
535	20.4
536	27.3
537	33.8
538	39.8
539	44.7
540	45.2
541	46.2
542	42.3
543	38.8
544	39.3
545	43.3
546	46.2
547	46.2
548	43.3
549	38.3
550	29.3
551	25.9
552	26.4
553	31.3
554	36.8
555	41.3
556	42.8
557	41.8
558	38.8
559	33.3
560	25.4
561	18.4
562	14.4
563	6.5
564	0.5
565	0
566	0
567	0
568	0
569	0
570	0
571	0
572	0
573	0
574	0
575	0
576	0
577	0
578	5.3
579	9.2
580	11
581	12.7
582	11.8
583	8.8
584	7.5
585	7.9
586	8.3
587	9.2
588	10.5
589	9.6
590	8.8
591	8.8
592	6.6
593	2.6
594	0.4
595	0
596	0
597	0
598	0
599	0
600	0
601	0
602	0
603	0
604	0
605	0
606	0
607	0
608	0
609	0
610	0
611	0
612	0
613	0
614	0
615	0
616	0
617	0
618	0
619	0
620	0
621	3.1
622	7.9
623	13.2
624	13.2
625	7.5
626	3.5
627	1.3
628	0
629	0
630	0
631	0
632	1.8
633	9.6
634	17.1
635	21.5
636	24.1
637	25.4
638	22.8
639	18.4
640	12.3
641	6.6
642	1.3
643	0
644	0
645	0
646	0
647	0
648	0
649	0
650	0
651	0
652	0
653	0
654	0
655	0
656	0
657	0
658	0
659	0
660	0
661	0
662	0
663	0
664	0
665	0
666	0
667	0
668	0
669	0
670	0
671	0
672	0
673	0
674	0
675	0
676	0
677	0
678	0
679	0
680	0
681	0
682	0
683	0
684	0
685	0
686	0
687	0
688	0
689	0
690	0
691	0
692	0
693	0
694	0
695	0
696	0
697	0
698	0
699	0
700	0
701	0
702	0
703	0
704	0
705	0.4
706	4.4
707	9.6
708	16.7
709	18.4
710	20.2
711	23.2
712	26.7
713	30.7
714	31.6
715	32
716	34.2
717	36
718	38.1
719	39.9
720	41.7
721	42.1
722	40.8
723	39
724	34.2
725	27.6
726	20.6
727	16.7
728	14.5
729	14
730	14
731	14.5
732	13.2
733	11
734	9.2
735	7.5
736	3.5
737	1.3
738	0
739	0
740	0
741	0
742	0
743	0
744	0
745	0
746	0
747	0
748	0
749	0
750	0	----> Sub-Cycle: Urban 4
751	0
752	0
753	0
754	0
755	0
756	3.8
757	3.1
758	3.1
759	4.6
760	6.1
761	4.6
762	0.8
763	3.8
764	11.5
765	15.3
766	10.7
767	6.9
768	6.1
769	8.4
770	13
771	17.6
772	22.2
773	25.3
774	28.3
775	31.4
776	32.2
777	32.2
778	29.9
779	24.5
780	19.1
781	14.6
782	7.7
783	1.5
784	2.3
785	6.1
786	10
787	10
788	11.5
789	13.8
790	19.9
791	23
792	26.8
793	32.9
794	36.8
795	38.3
796	38.3
797	39.8
798	38.3
799	34.5
800	30.6
801	24.5
802	19.9
803	19.9
804	22.2
805	25.3
806	29.9
807	32.9
808	33.7
809	32.9
810	29.9
811	29.1
812	27.6
813	26
814	24.5
815	24.5
816	22.2
817	18.4
818	16.9
819	15.3
820	14.6
821	11.5
822	6.9
823	0.8
824	0
825	0
826	0
827	0
828	0
829	0
830	0
831	4.6
832	10.7
833	13
834	14.6
835	16.1
836	16.1
837	14.6
838	12.3
839	7.7
840	5.4
841	6.1
842	6.9
843	3.8
844	3.8
845	4.6
846	4.6
847	1.5
848	0
849	1.5
850	2.3
851	3.1
852	2.3
853	1.5
854	0
855	0
856	0.8
857	2.3
858	3.1
859	3.8
860	4.6
861	3.1
862	0
863	0.8
864	3.1
865	4.6
866	4.6
867	3.8
868	3.1
869	0.8
870	0
871	3.1
872	2.3
873	0
874	0
875	0
876	0
877	0
878	0	----> Sub-Cycle: Urban 5
879	0
880	0
881	0.7
882	6.4
883	12.1
884	16.3
885	18.5
886	20.6
887	22
888	22.7
889	24.9
890	26.3
891	27.7
892	28.4
893	31.2
894	32.7
895	34.8
896	35.5
897	35.5
898	34.8
899	33.4
900	32
901	30.5
902	28.4
903	27.7
904	27
905	25.6
906	24.1
907	19.9
908	12.8
909	5.7
910	7.8
911	12.8
912	17.8
913	19.9
914	18.5
915	17
916	16.3
917	17.8
918	19.2
919	19.9
920	21.3
921	18.5
922	17.8
923	16.3
924	18.5
925	19.2
926	17.8
927	12.8
928	5.7
929	0
930	0
931	3.6
932	10.7
933	19.2
934	26.3
935	31.2
936	35.5
937	39.1
938	41.9
939	42.6
940	44
941	42.6
942	41.2
943	39.1
944	36.9
945	31.2
946	27
947	18.5
948	11.4
949	11.4
950	15.6
951	22
952	24.9
953	27
954	29.1
955	30.5
956	32
957	32
958	31.2
959	32.7
960	32
961	32
962	31.2
963	29.8
964	28.4
965	23.4
966	21.3
967	20.6
968	22.7
969	22
970	22
971	23.4
972	26.3
973	28.4
974	29.8
975	29.8
976	30.5
977	29.1
978	29.1
979	27.7
980	26.3
981	24.9
982	22.7
983	21.3
984	17
985	11.4
986	5.7
987	0.7
988	0
989	0
990	0
991	0
992	0
993	0	----> End of the Cycle
